[[1.         0.16666667 0.33333333 0.16666667 1.66666667]
 [0.         0.83333333 0.66666667 0.83333333 2.33333333]
 [0.         2.66666667 0.33333333 5.66666667 8.66666667]
 [0.         0.83333333 3.66666667 0.83333333 5.33333333]]

[[ 1.          0.16666667  0.33333333  0.16666667  1.66666667]
 [ 0.          1.          0.125       2.125       3.25      ]
 [ 0.          0.          0.5625     -0.9375     -0.375     ]
 [ 0.          0.          3.5625     -0.9375      2.625     ]]

[[ 1.          0.16666667  0.33333333  0.16666667  1.66666667]
 [ 0.          1.          0.125       2.125       3.25      ]
 [ 0.          0.          1.         -0.26315789  0.73684211]
 [ 0.          0.          0.         -0.78947368 -0.78947368]]

[[ 1.          0.16666667  0.33333333  0.16666667  1.66666667]
 [ 0.          1.          0.125       2.125       3.25      ]
 [ 0.          0.          1.         -0.26315789  0.73684211]
 [-0.         -0.         -0.          1.          1.        ]]

[1. 1. 1. 1.]
