1
5
0 0 0 0 0
1 0 0 0 0 
1 1 0 0 0 
1 1 1 0 0 
1 1 1 1 0 
2
5
0 0 1 0 0 
1 0 0 0 0 
0 1 0 0 0 
1 1 1 0 0 
1 1 1 1 0 
3
5
0 0 0 1 0 
1 0 0 0 0 
1 1 0 0 0 
0 1 1 0 0 
1 1 1 1 0 
4
5
0 1 0 1 0 
0 0 0 0 0 
1 1 0 0 0 
0 1 1 0 0 
1 1 1 1 0 
5
5
0 0 0 0 1 
1 0 0 0 0 
1 1 0 0 0 
1 1 1 0 0 
0 1 1 1 0 
6
5
0 1 0 0 1 
0 0 0 0 0 
1 1 0 0 0 
1 1 1 0 0 
0 1 1 1 0 
7
5
0 0 1 0 1 
1 0 0 0 0 
0 1 0 0 0 
1 1 1 0 0 
0 1 1 1 0 
8
5
0 1 1 0 1 
0 0 0 0 0 
0 1 0 0 0 
1 1 1 0 0 
0 1 1 1 0 
9
5
0 0 0 1 1 
1 0 0 0 0 
1 1 0 0 0 
0 1 1 0 0 
0 1 1 1 0 
10
5
0 0 0 0 1 
1 0 0 1 0 
1 1 0 0 0 
1 0 1 0 0 
0 1 1 1 0 
11
5
0 1 0 0 1 
0 0 0 1 0 
1 1 0 0 0 
1 0 1 0 0 
0 1 1 1 0 
12
5
0 0 0 1 1 
1 0 0 0 1 
1 1 0 0 0 
0 1 1 0 0 
0 0 1 1 0 


