3
8 2
0 1 0 1 0 0 0 0
0 0 1 0 1 0 0 0
0 0 0 1 0 1 0 0
0 0 0 0 1 0 1 0
0 0 0 0 0 1 0 1
1 0 0 0 0 0 1 0
0 1 0 0 0 0 0 1
1 0 1 0 0 0 0 0

0 1 0 1 0 0 0 0
0 0 1 0 1 0 0 0
0 0 0 0 0 1 0 1
0 0 1 0 1 0 0 0
0 0 0 0 0 1 0 1
1 0 0 0 0 0 1 0
0 1 0 1 0 0 0 0
1 0 0 0 0 0 1 0

10 4

0 1 0 1 0 0 0 0 0 0
0 0 1 0 1 0 0 0 0 0
0 0 0 1 0 1 0 0 0 0
0 0 0 0 1 0 1 0 0 0
0 0 0 0 0 1 0 1 0 0
0 0 0 0 0 0 1 0 1 0
0 0 0 0 0 0 0 1 0 1
1 0 0 0 0 0 0 0 1 0
0 1 0 0 0 0 0 0 0 1
1 0 1 0 0 0 0 0 0 0

0 1 0 1 0 0 0 0 0 0
0 0 1 0 1 0 0 0 0 0
0 0 0 1 0 0 0 0 0 1
0 0 0 0 1 0 1 0 0 0
0 0 0 0 0 1 0 1 0 0
0 0 1 0 0 0 1 0 0 0
0 0 0 0 0 0 0 1 0 1
1 0 0 0 0 0 0 0 1 0
0 1 0 0 0 1 0 0 0 0
1 0 0 0 0 0 0 0 1 0

0 1 0 1 0 0 0 0 0 0
0 0 1 0 1 0 0 0 0 0
0 0 0 1 0 0 0 0 0 1
0 0 0 0 1 0 1 0 0 0
0 0 0 0 0 1 0 1 0 0
0 0 1 0 0 0 0 0 1 0
0 0 0 0 0 1 0 0 0 1
1 0 0 0 0 0 1 0 0 0
0 1 0 0 0 0 0 1 0 0
1 0 0 0 0 0 0 0 1 0

0 1 0 1 0 0 0 0 0 0
0 0 1 0 0 0 0 0 1 0
0 0 0 1 0 0 0 0 0 1
0 0 0 0 1 0 1 0 0 0
0 1 0 0 0 0 0 1 0 0
0 0 1 0 1 0 0 0 0 0
0 0 0 0 0 1 0 0 0 1
1 0 0 0 0 0 1 0 0 0
0 0 0 0 0 1 0 1 0 0
1 0 0 0 0 0 0 0 1 0

12 34

0 1 0 1 0 0 0 0 0 0 0 0
0 0 1 0 1 0 0 0 0 0 0 0
0 0 0 1 0 1 0 0 0 0 0 0
0 0 0 0 1 0 1 0 0 0 0 0
0 0 0 0 0 1 0 1 0 0 0 0
0 0 0 0 0 0 1 0 1 0 0 0
0 0 0 0 0 0 0 1 0 1 0 0
0 0 0 0 0 0 0 0 1 0 1 0
0 0 0 0 0 0 0 0 0 1 0 1
1 0 0 0 0 0 0 0 0 0 1 0
0 1 0 0 0 0 0 0 0 0 0 1
1 0 1 0 0 0 0 0 0 0 0 0

0 1 0 1 0 0 0 0 0 0 0 0
0 0 1 0 1 0 0 0 0 0 0 0
0 0 0 1 0 0 0 0 0 0 0 1
0 0 0 0 1 0 1 0 0 0 0 0
0 0 0 0 0 1 0 1 0 0 0 0
0 0 1 0 0 0 1 0 0 0 0 0
0 0 0 0 0 0 0 1 0 1 0 0
0 0 0 0 0 0 0 0 1 0 1 0
0 0 0 0 0 1 0 0 0 1 0 0
1 0 0 0 0 0 0 0 0 0 1 0
0 1 0 0 0 0 0 0 0 0 0 1
1 0 0 0 0 0 0 0 1 0 0 0

0 1 0 1 0 0 0 0 0 0 0 0
0 0 1 0 1 0 0 0 0 0 0 0
0 0 0 1 0 0 0 0 0 0 0 1
0 0 0 0 1 0 1 0 0 0 0 0
0 0 0 0 0 1 0 1 0 0 0 0
0 0 1 0 0 0 1 0 0 0 0 0
0 0 0 0 0 0 0 1 0 1 0 0
0 0 0 0 0 0 0 0 1 0 1 0
0 0 0 0 0 1 0 0 0 0 0 1
1 0 0 0 0 0 0 0 1 0 0 0
0 1 0 0 0 0 0 0 0 1 0 0
1 0 0 0 0 0 0 0 0 0 1 0

0 1 0 1 0 0 0 0 0 0 0 0
0 0 1 0 1 0 0 0 0 0 0 0
0 0 0 1 0 0 0 0 0 0 0 1
0 0 0 0 1 0 1 0 0 0 0 0
0 0 0 0 0 1 0 1 0 0 0 0
0 0 1 0 0 0 0 0 1 0 0 0
0 0 0 0 0 1 0 1 0 0 0 0
0 0 0 0 0 0 0 0 1 0 1 0
0 0 0 0 0 0 0 0 0 1 0 1
1 0 0 0 0 0 1 0 0 0 0 0
0 1 0 0 0 0 0 0 0 1 0 0
1 0 0 0 0 0 0 0 0 0 1 0

0 1 0 1 0 0 0 0 0 0 0 0
0 0 1 0 1 0 0 0 0 0 0 0
0 0 0 1 0 0 0 0 0 0 0 1
0 0 0 0 1 0 1 0 0 0 0 0
0 0 0 0 0 1 0 1 0 0 0 0
0 0 1 0 0 0 0 0 1 0 0 0
0 0 0 0 0 1 0 0 0 1 0 0
0 0 0 0 0 0 1 0 1 0 0 0
0 0 0 0 0 0 0 0 0 1 0 1
1 0 0 0 0 0 0 0 0 0 1 0
0 1 0 0 0 0 0 1 0 0 0 0
1 0 0 0 0 0 0 0 0 0 1 0

0 1 0 1 0 0 0 0 0 0 0 0
0 0 1 0 1 0 0 0 0 0 0 0
0 0 0 1 0 0 0 0 0 0 0 1
0 0 0 0 1 0 1 0 0 0 0 0
0 0 0 0 0 1 0 1 0 0 0 0
0 0 1 0 0 0 0 0 1 0 0 0
0 0 0 0 0 1 0 0 0 1 0 0
0 0 0 0 0 0 1 0 0 0 1 0
0 0 0 0 0 0 0 1 0 0 0 1
1 0 0 0 0 0 0 0 1 0 0 0
0 1 0 0 0 0 0 0 0 1 0 0
1 0 0 0 0 0 0 0 0 0 1 0

0 1 0 1 0 0 0 0 0 0 0 0
0 0 1 0 1 0 0 0 0 0 0 0
0 0 0 0 0 1 0 0 0 0 0 1
0 0 1 0 1 0 0 0 0 0 0 0
0 0 0 0 0 1 0 1 0 0 0 0
0 0 0 0 0 0 1 0 1 0 0 0
0 0 0 1 0 0 0 0 0 1 0 0
0 0 0 0 0 0 1 0 1 0 0 0
0 0 0 0 0 0 0 0 0 1 0 1
1 0 0 0 0 0 0 0 0 0 1 0
0 1 0 0 0 0 0 1 0 0 0 0
1 0 0 0 0 0 0 0 0 0 1 0

0 1 0 1 0 0 0 0 0 0 0 0
0 0 1 0 1 0 0 0 0 0 0 0
0 0 0 0 0 1 0 0 0 0 0 1
0 0 1 0 1 0 0 0 0 0 0 0
0 0 0 0 0 1 0 1 0 0 0 0
0 0 0 0 0 0 1 0 1 0 0 0
0 0 0 1 0 0 0 0 0 1 0 0
0 0 0 0 0 0 1 0 0 0 1 0
0 0 0 0 0 0 0 1 0 0 0 1
1 0 0 0 0 0 0 0 1 0 0 0
0 1 0 0 0 0 0 0 0 1 0 0
1 0 0 0 0 0 0 0 0 0 1 0

0 1 0 1 0 0 0 0 0 0 0 0
0 0 1 0 1 0 0 0 0 0 0 0
0 0 0 0 0 1 0 0 0 0 0 1
0 0 1 0 0 0 1 0 0 0 0 0
0 0 0 1 0 1 0 0 0 0 0 0
0 0 0 0 0 0 1 0 1 0 0 0
0 0 0 0 0 0 0 1 0 1 0 0
0 0 0 0 1 0 0 0 0 0 1 0
0 0 0 0 0 0 0 1 0 0 0 1
1 0 0 0 0 0 0 0 1 0 0 0
0 1 0 0 0 0 0 0 0 1 0 0
1 0 0 0 0 0 0 0 0 0 1 0

0 1 0 1 0 0 0 0 0 0 0 0
0 0 1 0 1 0 0 0 0 0 0 0
0 0 0 0 0 1 0 0 0 0 0 1
0 0 1 0 0 0 1 0 0 0 0 0
0 0 0 1 0 0 0 1 0 0 0 0
0 0 0 0 1 0 1 0 0 0 0 0
0 0 0 0 0 0 0 1 0 1 0 0
0 0 0 0 0 0 0 0 1 0 1 0
0 0 0 0 0 1 0 0 0 0 0 1
1 0 0 0 0 0 0 0 1 0 0 0
0 1 0 0 0 0 0 0 0 1 0 0
1 0 0 0 0 0 0 0 0 0 1 0

0 1 0 1 0 0 0 0 0 0 0 0
0 0 1 0 1 0 0 0 0 0 0 0
0 0 0 0 0 1 0 0 0 0 0 1
0 0 1 0 0 0 1 0 0 0 0 0
0 0 0 1 0 0 0 1 0 0 0 0
0 0 0 0 1 0 0 0 1 0 0 0
0 0 0 0 0 1 0 0 0 1 0 0
0 0 0 0 0 0 1 0 0 0 1 0
0 0 0 0 0 0 0 1 0 0 0 1
1 0 0 0 0 0 0 0 1 0 0 0
0 1 0 0 0 0 0 0 0 1 0 0
1 0 0 0 0 0 0 0 0 0 1 0

0 1 0 1 0 0 0 0 0 0 0 0
0 0 1 0 0 0 0 0 0 0 1 0
0 0 0 1 0 0 0 0 0 0 0 1
0 0 0 0 1 0 1 0 0 0 0 0
0 1 0 0 0 1 0 0 0 0 0 0
0 0 1 0 0 0 1 0 0 0 0 0
0 0 0 0 0 0 0 1 0 1 0 0
0 0 0 0 1 0 0 0 1 0 0 0
0 0 0 0 0 1 0 0 0 1 0 0
1 0 0 0 0 0 0 0 0 0 1 0
0 0 0 0 0 0 0 1 0 0 0 1
1 0 0 0 0 0 0 0 1 0 0 0

0 1 0 1 0 0 0 0 0 0 0 0
0 0 1 0 0 0 0 0 0 0 1 0
0 0 0 1 0 0 0 0 0 0 0 1
0 0 0 0 1 0 1 0 0 0 0 0
0 1 0 0 0 1 0 0 0 0 0 0
0 0 1 0 0 0 1 0 0 0 0 0
0 0 0 0 0 0 0 1 0 1 0 0
0 0 0 0 1 0 0 0 1 0 0 0
0 0 0 0 0 1 0 0 0 0 0 1
1 0 0 0 0 0 0 0 1 0 0 0
0 0 0 0 0 0 0 1 0 1 0 0
1 0 0 0 0 0 0 0 0 0 1 0

0 1 0 1 0 0 0 0 0 0 0 0
0 0 1 0 0 0 0 0 0 0 1 0
0 0 0 1 0 0 0 0 0 0 0 1
0 0 0 0 1 0 1 0 0 0 0 0
0 1 0 0 0 1 0 0 0 0 0 0
0 0 1 0 0 0 1 0 0 0 0 0
0 0 0 0 0 0 0 1 0 1 0 0
0 0 0 0 1 0 0 0 0 0 1 0
0 0 0 0 0 1 0 1 0 0 0 0
1 0 0 0 0 0 0 0 1 0 0 0
0 0 0 0 0 0 0 0 0 1 0 1
1 0 0 0 0 0 0 0 1 0 0 0

0 1 0 1 0 0 0 0 0 0 0 0
0 0 1 0 0 0 0 0 0 0 1 0
0 0 0 1 0 0 0 0 0 0 0 1
0 0 0 0 1 0 1 0 0 0 0 0
0 1 0 0 0 1 0 0 0 0 0 0
0 0 1 0 0 0 0 0 1 0 0 0
0 0 0 0 0 1 0 1 0 0 0 0
0 0 0 0 1 0 0 0 1 0 0 0
0 0 0 0 0 0 0 0 0 1 0 1
1 0 0 0 0 0 1 0 0 0 0 0
0 0 0 0 0 0 0 1 0 1 0 0
1 0 0 0 0 0 0 0 0 0 1 0

0 1 0 1 0 0 0 0 0 0 0 0
0 0 1 0 0 0 0 0 0 0 1 0
0 0 0 1 0 0 0 0 0 0 0 1
0 0 0 0 1 0 1 0 0 0 0 0
0 1 0 0 0 1 0 0 0 0 0 0
0 0 1 0 0 0 0 0 1 0 0 0
0 0 0 0 0 1 0 1 0 0 0 0
0 0 0 0 1 0 0 0 0 0 1 0
0 0 0 0 0 0 0 1 0 1 0 0
1 0 0 0 0 0 1 0 0 0 0 0
0 0 0 0 0 0 0 0 0 1 0 1
1 0 0 0 0 0 0 0 1 0 0 0

0 1 0 1 0 0 0 0 0 0 0 0
0 0 1 0 0 0 0 0 0 0 1 0
0 0 0 1 0 0 0 0 0 0 0 1
0 0 0 0 1 0 1 0 0 0 0 0
0 1 0 0 0 1 0 0 0 0 0 0
0 0 1 0 0 0 0 0 1 0 0 0
0 0 0 0 0 1 0 0 0 1 0 0
0 0 0 0 1 0 1 0 0 0 0 0
0 0 0 0 0 0 0 1 0 0 0 1
1 0 0 0 0 0 0 0 1 0 0 0
0 0 0 0 0 0 0 1 0 1 0 0
1 0 0 0 0 0 0 0 0 0 1 0

0 1 0 1 0 0 0 0 0 0 0 0
0 0 1 0 0 0 0 0 0 0 1 0
0 0 0 1 0 0 0 0 0 0 0 1
0 0 0 0 1 0 1 0 0 0 0 0
0 1 0 0 0 0 0 1 0 0 0 0
0 0 1 0 1 0 0 0 0 0 0 0
0 0 0 0 0 1 0 1 0 0 0 0
0 0 0 0 0 0 0 0 1 0 1 0
0 0 0 0 0 1 0 0 0 1 0 0
1 0 0 0 0 0 1 0 0 0 0 0
0 0 0 0 0 0 0 0 0 1 0 1
1 0 0 0 0 0 0 0 1 0 0 0

0 1 0 1 0 0 0 0 0 0 0 0
0 0 1 0 0 0 0 0 0 0 1 0
0 0 0 1 0 0 0 0 0 0 0 1
0 0 0 0 1 0 1 0 0 0 0 0
0 1 0 0 0 0 0 1 0 0 0 0
0 0 1 0 1 0 0 0 0 0 0 0
0 0 0 0 0 1 0 0 0 1 0 0
0 0 0 0 0 0 1 0 1 0 0 0
0 0 0 0 0 1 0 0 0 0 0 1
1 0 0 0 0 0 0 0 1 0 0 0
0 0 0 0 0 0 0 1 0 1 0 0
1 0 0 0 0 0 0 0 0 0 1 0

0 1 0 1 0 0 0 0 0 0 0 0
0 0 1 0 0 0 0 0 0 0 1 0
0 0 0 1 0 0 0 0 0 0 0 1
0 0 0 0 1 0 1 0 0 0 0 0
0 1 0 0 0 0 0 1 0 0 0 0
0 0 1 0 1 0 0 0 0 0 0 0
0 0 0 0 0 1 0 0 0 1 0 0
0 0 0 0 0 0 1 0 0 0 1 0
0 0 0 0 0 1 0 1 0 0 0 0
1 0 0 0 0 0 0 0 1 0 0 0
0 0 0 0 0 0 0 0 0 1 0 1
1 0 0 0 0 0 0 0 1 0 0 0

0 1 0 1 0 0 0 0 0 0 0 0
0 0 1 0 0 0 0 0 0 0 1 0
0 0 0 0 0 1 0 0 0 0 0 1
0 0 1 0 1 0 0 0 0 0 0 0
0 1 0 0 0 1 0 0 0 0 0 0
0 0 0 0 0 0 1 0 1 0 0 0
0 0 0 1 0 0 0 1 0 0 0 0
0 0 0 0 1 0 0 0 0 0 1 0
0 0 0 0 0 0 0 1 0 1 0 0
1 0 0 0 0 0 1 0 0 0 0 0
0 0 0 0 0 0 0 0 0 1 0 1
1 0 0 0 0 0 0 0 1 0 0 0

0 1 0 1 0 0 0 0 0 0 0 0
0 0 1 0 0 0 0 0 0 0 1 0
0 0 0 0 0 1 0 0 0 0 0 1
0 0 1 0 1 0 0 0 0 0 0 0
0 1 0 0 0 0 0 1 0 0 0 0
0 0 0 0 1 0 1 0 0 0 0 0
0 0 0 1 0 0 0 0 0 1 0 0
0 0 0 0 0 0 1 0 1 0 0 0
0 0 0 0 0 1 0 0 0 0 0 1
1 0 0 0 0 0 0 0 1 0 0 0
0 0 0 0 0 0 0 1 0 1 0 0
1 0 0 0 0 0 0 0 0 0 1 0

0 1 0 1 0 0 0 0 0 0 0 0
0 0 1 0 0 0 0 0 0 0 1 0
0 0 0 0 0 1 0 0 0 0 0 1
0 0 1 0 1 0 0 0 0 0 0 0
0 1 0 0 0 0 0 1 0 0 0 0
0 0 0 0 1 0 1 0 0 0 0 0
0 0 0 1 0 0 0 0 0 1 0 0
0 0 0 0 0 0 1 0 0 0 1 0
0 0 0 0 0 1 0 1 0 0 0 0
1 0 0 0 0 0 0 0 1 0 0 0
0 0 0 0 0 0 0 0 0 1 0 1
1 0 0 0 0 0 0 0 1 0 0 0

0 1 0 1 0 0 0 0 0 0 0 0
0 0 1 0 0 0 0 0 0 0 1 0
0 0 0 0 0 1 0 0 0 0 0 1
0 0 1 0 1 0 0 0 0 0 0 0
0 1 0 0 0 0 0 1 0 0 0 0
0 0 0 0 1 0 0 0 1 0 0 0
0 0 0 1 0 1 0 0 0 0 0 0
0 0 0 0 0 0 1 0 1 0 0 0
0 0 0 0 0 0 0 0 0 1 0 1
1 0 0 0 0 0 1 0 0 0 0 0
0 0 0 0 0 0 0 1 0 1 0 0
1 0 0 0 0 0 0 0 0 0 1 0

0 1 0 1 0 0 0 0 0 0 0 0
0 0 1 0 0 0 0 0 0 0 1 0
0 0 0 0 0 1 0 0 0 0 0 1
0 0 1 0 1 0 0 0 0 0 0 0
0 1 0 0 0 0 0 1 0 0 0 0
0 0 0 0 1 0 0 0 1 0 0 0
0 0 0 1 0 1 0 0 0 0 0 0
0 0 0 0 0 0 1 0 0 0 1 0
0 0 0 0 0 0 0 1 0 1 0 0
1 0 0 0 0 0 1 0 0 0 0 0
0 0 0 0 0 0 0 0 0 1 0 1
1 0 0 0 0 0 0 0 1 0 0 0

0 1 0 1 0 0 0 0 0 0 0 0
0 0 1 0 0 0 0 0 0 0 1 0
0 0 0 0 0 1 0 0 0 0 0 1
0 0 1 0 0 0 1 0 0 0 0 0
0 1 0 1 0 0 0 0 0 0 0 0
0 0 0 0 1 0 1 0 0 0 0 0
0 0 0 0 0 0 0 1 0 1 0 0
0 0 0 0 1 0 0 0 1 0 0 0
0 0 0 0 0 1 0 0 0 0 0 1
1 0 0 0 0 0 0 0 1 0 0 0
0 0 0 0 0 0 0 1 0 1 0 0
1 0 0 0 0 0 0 0 0 0 1 0

0 1 0 1 0 0 0 0 0 0 0 0
0 0 1 0 0 0 0 0 0 0 1 0
0 0 0 0 0 1 0 0 0 0 0 1
0 0 1 0 0 0 1 0 0 0 0 0
0 1 0 1 0 0 0 0 0 0 0 0
0 0 0 0 1 0 1 0 0 0 0 0
0 0 0 0 0 0 0 1 0 1 0 0
0 0 0 0 1 0 0 0 0 0 1 0
0 0 0 0 0 1 0 1 0 0 0 0
1 0 0 0 0 0 0 0 1 0 0 0
0 0 0 0 0 0 0 0 0 1 0 1
1 0 0 0 0 0 0 0 1 0 0 0

0 1 0 1 0 0 0 0 0 0 0 0
0 0 1 0 0 0 0 0 0 0 1 0
0 0 0 0 0 1 0 0 0 0 0 1
0 0 1 0 0 0 1 0 0 0 0 0
0 1 0 1 0 0 0 0 0 0 0 0
0 0 0 0 1 0 0 0 1 0 0 0
0 0 0 0 0 1 0 1 0 0 0 0
0 0 0 0 1 0 0 0 0 0 1 0
0 0 0 0 0 0 0 1 0 1 0 0
1 0 0 0 0 0 1 0 0 0 0 0
0 0 0 0 0 0 0 0 0 1 0 1
1 0 0 0 0 0 0 0 1 0 0 0

0 1 0 1 0 0 0 0 0 0 0 0
0 0 0 0 1 0 0 0 0 0 1 0
0 1 0 0 0 0 0 0 0 0 0 1
0 0 1 0 1 0 0 0 0 0 0 0
0 0 0 0 0 1 0 1 0 0 0 0
0 0 1 0 0 0 0 0 1 0 0 0
0 0 0 1 0 1 0 0 0 0 0 0
0 0 0 0 0 0 1 0 1 0 0 0
0 0 0 0 0 0 0 0 0 1 0 1
1 0 0 0 0 0 1 0 0 0 0 0
0 0 0 0 0 0 0 1 0 1 0 0
1 0 0 0 0 0 0 0 0 0 1 0

0 1 0 1 0 0 0 0 0 0 0 0
0 0 0 0 1 0 0 0 0 0 1 0
0 1 0 0 0 0 0 0 0 0 0 1
0 0 1 0 1 0 0 0 0 0 0 0
0 0 0 0 0 1 0 1 0 0 0 0
0 0 1 0 0 0 0 0 1 0 0 0
0 0 0 1 0 1 0 0 0 0 0 0
0 0 0 0 0 0 1 0 0 0 1 0
0 0 0 0 0 0 0 1 0 1 0 0
1 0 0 0 0 0 1 0 0 0 0 0
0 0 0 0 0 0 0 0 0 1 0 1
1 0 0 0 0 0 0 0 1 0 0 0

0 1 0 1 0 0 0 0 0 0 0 0
0 0 0 0 1 0 0 0 0 0 1 0
0 1 0 0 0 0 0 0 0 0 0 1
0 0 1 0 0 0 1 0 0 0 0 0
0 0 0 1 0 1 0 0 0 0 0 0
0 0 1 0 0 0 1 0 0 0 0 0
0 0 0 0 0 0 0 1 0 1 0 0
0 0 0 0 1 0 0 0 0 0 1 0
0 0 0 0 0 1 0 1 0 0 0 0
1 0 0 0 0 0 0 0 1 0 0 0
0 0 0 0 0 0 0 0 0 1 0 1
1 0 0 0 0 0 0 0 1 0 0 0

0 1 0 1 0 0 0 0 0 0 0 0
0 0 0 0 1 0 0 0 0 0 1 0
0 1 0 0 0 0 0 0 0 0 0 1
0 0 1 0 0 0 1 0 0 0 0 0
0 0 0 1 0 1 0 0 0 0 0 0
0 0 1 0 0 0 0 0 1 0 0 0
0 0 0 0 0 1 0 1 0 0 0 0
0 0 0 0 1 0 0 0 0 0 1 0
0 0 0 0 0 0 0 1 0 1 0 0
1 0 0 0 0 0 1 0 0 0 0 0
0 0 0 0 0 0 0 0 0 1 0 1
1 0 0 0 0 0 0 0 1 0 0 0

0 1 0 0 0 0 0 0 0 1 0 0
0 0 1 0 0 0 0 0 0 0 1 0
0 0 0 1 0 0 0 0 0 0 0 1
1 0 0 0 1 0 0 0 0 0 0 0
0 1 0 0 0 1 0 0 0 0 0 0
0 0 1 0 0 0 1 0 0 0 0 0
0 0 0 1 0 0 0 1 0 0 0 0
0 0 0 0 1 0 0 0 1 0 0 0
0 0 0 0 0 1 0 0 0 1 0 0
0 0 0 0 0 0 1 0 0 0 1 0
0 0 0 0 0 0 0 1 0 0 0 1
1 0 0 0 0 0 0 0 1 0 0 0

0 1 0 0 0 0 0 0 0 0 0 1
0 0 0 0 1 0 0 0 0 0 1 0
0 1 0 1 0 0 0 0 0 0 0 0
1 0 0 0 0 0 1 0 0 0 0 0
0 0 0 1 0 1 0 0 0 0 0 0
0 0 1 0 0 0 0 0 1 0 0 0
0 0 0 0 0 1 0 1 0 0 0 0
0 0 0 0 1 0 0 0 0 0 1 0
0 0 0 0 0 0 0 1 0 1 0 0
1 0 0 0 0 0 1 0 0 0 0 0
0 0 0 0 0 0 0 0 0 1 0 1
0 0 1 0 0 0 0 0 1 0 0 0